              precision    recall  f1-score   support

           0       1.00      1.00      1.00       866
           1       1.00      1.00      1.00       866
           2       1.00      1.00      1.00       666
           3       1.00      1.00      1.00       666
           4       1.00      1.00      1.00       666
           5       1.00      1.00      1.00       666
           6       1.00      1.00      1.00       666
           7       1.00      1.00      1.00       666
           8       1.00      1.00      1.00       666
           9       1.00      1.00      1.00       666

    accuracy                           1.00      7060
   macro avg       1.00      1.00      1.00      7060
weighted avg       1.00      1.00      1.00      7060
